134663794351
134100894336
134786029506
134197980141
145032759871
144652039058
144741330101
134586964921
144525797515
144824067460
134657968832
134556900414
134530544339
134465531392
134493000673
134169654024
145035348559
134182607731
145082354208
133909840002
134378981811
133901627086
145148032624
134419084379
134527794089
134205749696
145278438664
144786897922
145256099296
145119889156
144646423926
134177188955
134340182969
145290889778
145166908669
134154385418
134571574302
134521562162
134299408267
145072230124
145490308268
144364682413
144641598076
134177186321
134630524008
144657708749
134850882674
134275842368
144647412248
145771492321
134284975529
145225796722
145771492320
144930603843
134438005446
134579301213
134411795504
144529337919
134180425449
145026745535
134114099880
134239232228
134814756846
144744040847
134087547430
134561015713
134119051896
134307107047
144919327509
144803337939
144824072850
134277350987
144617509251
144827341059
134328218399
145007374098
134424621209
145095241708
134467579818
134374128386
134181208222
134175406443
145435282780
145090904728
145284828231
145301240195
144799902396
144617330211
134579302577
144824071546
144993482568
144926641267
144725379849
144647404608
134035964235
143560784424
144786892223
145092784026
144763060349
134176183402
145035347287
145486344733
134614400274
134154726310
144259017639
134091671386
144510164181
144641600024
145443532589
144912098314
145235503542
134618268357
145785784683
145785784686
134861013522
134464058207
145785784687
144386832016
134617070379
145030717508
145122710843
134465517030
145290888494
144979274584
134848241199
145271866327
134322641858
144937478600
144617416134
145584022230
134677764504
144966672707
145269493497
134591965205
144966047145
144458230717
144452603370
134245521932
144782691176
145044247087
144638138082
134154396926
133941373418
134354443247
134282265615
144641585605
134177197053
145013503077
134091336290
145144572878
144241775301
144590601508
144617428117
144652972945
134703108764
145523384596
145126996947
134477680911
133410481173
134100860177
134098912531
144554660649
133630975602
144866267031
134803656892
144537230490
134835854063
134434487240
145123344742
144360259765
133999754008
134065728535
144434896307
144640437835
144768825317
145247053046
134481395371
134615799523
134477679931
144965215334
144652132646
145689299406
144240835617
144291180274
144973898455
144971014027
134593150419
144727283320
134875506801
134632692924
134541453559
144990780326
144704834918
134526063911
134826700769
145689299409
145105630829
134586143805
134826733662
134307106562
133971844897
134863299104
145456476195
134154715623
134633239517
134821919036
134838560391
144432980543
134667211828
144646372652
145475090235
135075301263
145075756574
145037090692
134389796145
144816275375
144898495763
145024674161
133912051587
134308526122
134244371055
144513102223
134207406356
144637206919
144767184787
134275841921
134679810672
144912105186
134470205894
134398461640
134172918450
144480831887
134271128787
134198000258
134977807735
144725302551
134848864433
134266599399
144748861297
145601637101
134596088394
144790555417
145094018270
145138022572
144333733447
144923360118
134703108751
134114091958
134014364011
134703108755
134901193951
134915991679
143921240552
134100884112
134703108759
144789019721
145287984920
144525839067
144919328896
144529246670
134170430992
134100820957
134535442345
144652317539
145599971575
134679345812
144928765133
145220021998
134180428511
134703108748
134566957160
134713642835
134154336480
134619983782
134450919992
134282266959
133627098586
134422687331
134660744556
134543232694
144266980963
134200597728
134691098601
145157187268
144690026479
145000601219
144727518222
134494242726
134643243487
134535441919
144638127348
144759112910
134194252551
134606055844
144816615720
145026170834
134349157249
145200605188
144725349207
144993183939
144934621044
134199637092
144655383477
133991831302
133928928559
144936013355
134105775893
133707006881
144363257423
134471945822
134492985477
135031246396
134612940912
134881038504
133371908602
134466373306
133914879764
134564663473
134468465606
133458742893
144774297890
134148561425
145237382466
134604549835
145239474755
145077694392
135041500738
144652115350
145095842740
134169637466
144548628751
134196102534
134245517925
145038692851
133967444665
145694459714
144729326705
134177188185
145475939470
134170442022
144905335175
144486660641
145185692930
145581864004
134634781311
144771245390
144789033946
134280411783
135035527264
134642378622
145610956911
145600379279
144529269255
144681346791
144849960112
144963161269
134419083916
145259325115
134363536310
134473538992
144279965560
144593131320
134617075231
134509891939
145151391865
134414446973
144797093098
134100830272
144819274318
134095112001
145030933271
144790584783
144990806697
134598048855
134242612184
134242568289
134056075746
145141569722
144364655601
134091350605
134654306404
134422694595
145565431425
134811924456
145104383549
144729379251
145111988517
144856818879
134801681303
145495217821
144729314773
134214239011
144458288963
145542524444
134578769178
134519292607
134607698525
144533503414
134091348303
145180582420
134623745958
135011848022
144546774348
144760326786
134154677686
143921434332
144465408816
145220026008
144755284512
144617017420
134154550441
144655374554
134376091013
145227431124
134517602696
145019803572
134497511807
144554799049
134040335825
133902289123
144976796007
134351454548
144889176761
134177753155
144537155498
133912092128
144730402623
144434922385
144650993325
145432785919
144822482738
144486707786
135031241532
145044830792
144889183051
134412841876
145287982239
145159197876
134103600376
134619962085
144554559373
144989555922
134355566060
144529223959
144656606917
144647398206
144378203497
144704839803
144954197322
134308522698
144616945139
134696789741
134184299301
144842050786
134242486786
134823571195
134593426630
144639475644
134527795476
134279004945
134864831008
134448640292
134536332645
134525588028
134076977795
145037110860
143874370992
144843622995
145046382077
145747634230
145106779262
134834321722
134551373585
145678936125
134661949730
134203779708
134826734045
134431801501
134887578062
134278812919
134471950369
134177009020
134271188323
144894465793
145263224435
134422694521
145263224433
134880713486
144919341090
144645179025
134315798664
145322562762
134491574794
134154853360
144660251418
134173673270
144525721454
145550316474
145031878673
134154797616
145512743661
145263224436
145453932609
134862272169
145263224442
144836067035
145202703168
145256529633
145209299027
134710532857
144652975948
134581670150
144644966939
144793252059
134470206283
145301220518
144691116313
134686615469
144730403930
144755324408
145263224452
144969259072
145003744256
145008616674
134239232316
144817705691
144667141452
134526065684
145029327087
144590608914
134137002936
145012931325
145112002441
144735956755
134204387143
144617433664
145254042727
134135973390
145247052662
134403747748
134524800043
134336959955
144617197684
144927611123
134815310428
134533936299
145103260985
144810816964
134168727602
134841629104
144759084235
134169653565
134719677401
144767184627
144359134424
145528129112
144259052984
144946806135
144990853096
144806677254
134739349092
134882003846
134661954173
144790585391
144486643998
144837803728
144999892609
145475936413
134632081702
134649107300
144641606925
134100870476
145157186840
134173685957
134909446290
134154718833
144554600878
144452599759
134245510507
144790553798
144244661740
145290890645
145576428402
134512226696
134049808889
134629999948
134033850477
144652114937
144791477107
145581860546
145566074350
134624867446
145479726737
134010416370
145263224655
134051251414
145019804193
134551234593
144652304155
134315794360
144413123734
134532600766
134177726511
134573662108
134175419850
145746120291
144638138818
144554509847
134929912155
134626444991
144585033671
134556900532
134465191876
145458533837
145020501723
145263224656
145263224666
145060745094
134400149409
145263224661
144537105968
145443009925
134299365531
134673403420
134384977372
145574805149
133901639195
145182417518
145469805348
145085894043
144803281094
144730407562
134266694897
144384604556
144646361283
144529234712
144438427756
134334145565
134334149921
134101793368
144479291164
134172143955
145013501379
134541858661
144307743480
134497469908
134275807045
134926329754
144755304856
145071603549
144963166262
144729330668
134577740568
144537172768
145512787087
134337921061
144978185921
134541857340
144725300880
144294868822
144981503702
145482938579
144642968055
144837807276
134350534311
144975325781
134844053234
134519972200
134337904535
134303239465
134915373975
145042996407
134163941753
134114101097
144540952931
134606789368
134543233034
134119011095
134242599586
144240829940
144361893185
144743963408
145108331877
144542204767
134907924712
134311672382
144730400951
144655370870
134404854999
134815303065
134072402512
134543235685
144646420996
134565561209
134335512344
145576412916
134653272805
135060669639
144999659726
144501795923
145778280499
145286877638
134118995324
145771482248
145574807732
134537918562
145782049204
134024095991
134618276741
134650870287
134328157676
133989619492
144652131445
133987651128
144554651829
134533944016
145782049203
134541453650
144554759954
145778322885
134328224918
134403748025
134242576817
134826673617
134732032677
144825556203
134519291145
144371700450
134333020137
134598042564
134167050170
134590953387
145326646044
144404345508
144924593517
134726131042
134548696709
134272685444
144527117250
134834321058
144685978146
145028444776
144674851929
134362082013
134539349679
145473513994
144652981755
144870714213
145015199866
134481386533
134481395477
134468212780
145322565042
134593149328
145001121364
133902276754
145263225082
145263225083
145263225087
145263225088
145526240058
145263225089
134680810214
145429601001
134100849045
144771245511
134812381273
144434874841
133996875602
144980270669
134204839110
134515205200
134573239610
144761257690
145021688589
144755306637
134811922682
134494241327
134135982984
133936677967
145121600436
144786898258
144513149810
134846666138
145583797285
134167076787
134351455057
134781101489
134260843703
134503230452
144616941745
134154392477
144774277409
145032759731
145116642396
144995262005
144573341366
145782049235
144902901059
134401731766
145049259139
145515967470
144783975733
134173681595
145482943978
144915039403
144951205130
145584022340
134415644655
134175391742
145068141461
134450918785
144642971613
145225047072
134033840245
135082477888
134886438564
134571585106
144972536393
145000600041
145429259180
134242596467
134420551533
134614394803
144764427619
134550170965
145186038679
134707208347
134820013460
134100829365
134654304774
134647125575
144783976209
145038692956
144638162462
144951205977
144433084266
144755276835
134073571784
144583017102
134433094608
144807645503
144430138156
144936013477
145001116834
144765994722
133974482478
134786032368
134376093731
134828506288
144787876079
134315791301
144554595753
145059999723
144538709993
134396897028
144990809837
143582523920
134621308364
144793249120
145782049277
144901588964
144229706427
145083170652
145564439669
134563532206
134561566078
133807639656
134244485138
134661953745
145263225076
134510087227
133988559758
145263225079
134582090420
144438430586
144513634214
145273073056
144310430501
144638104558
145429605497
144513724118
145745766551
145425840103
143670541733
134844051530
134883778263
134826647296
134154690714
134466373446
144593120791
134903377299
133990778683
134091384970
134176942414
134176937068
134567378105
134100846735
145108332295
134154675133
134100856934
144648904756
134182007987
144374192847
145077694205
134430757972
134051243061
133988542084
133991839171
133995861981
144183432822
144529334037
145661759673
133990756409
134010399340
145018763990
134166443561
133863037908
144690015676
133912024764
144312966463
144404338386
144856931222
144685963865
134561016369
145475938240
134530542407
145185689432
134474947923
134301107236
144744042449
144529220128
144963164434
144646412461
134681237644
144268421913
144947960654
134538211703
134486435849
134359309095
134404857114
145256099986
134571341646
145058551193
144865343424
144909322793
134718981467
134418062420
134196958594
144760325330
144554502354
145610955712
144759071697
133964668646
133967435882
145431086300
134370786839
134970139561
144969640794
145394090140
134482209779
134672804423
135016827891
145209296054
144253188275
134697625252
134250361327
134015265774
133912142700
144940480325
134442120469
144848288029
134755847330
134571342080
145028888473
144882173178
144873600244
134567619868
134172772455
134541451910
134384931067
134588030712
144891925785
145558168292
145179200904
144255815977
134471950210
144640506808
145282129899
134177712730
145020503527
134847746705
144659406074
134177720349
134530089676
144975324533
134154729460
134283410792
134242616451
145530668883
145156371696
144969944700
145460805741
145789571074
135038853860
144989571069
134266688226
134073501039
134100868115
134843606141
134435526483
144757450565
134661424874
133464811619
134564975592
145224240280
134508756894
134369384159
145094027992
144727279483
134678240078
144729257633
134687359966
144513139565
145440455672
144819273743
134244448166
145362192837
144725330755
144790550632
145057593864
134716452189
134055374321
134834321833
145047485399
145458536920
145485107483
134490009732
145183527098
134127686670
144655378886
145119333003
133967452345
134487935372
145464808398
134905012303
134832901462
134500521948
144379746193
134431801643
144617003775
145058777235
134177023229
134194251359
134623747615
134181326217
144755203071
134154401030
134336591178
134922835541
144573337331
144774257004
145013499961
145469664182
145171869045
145286879493
134846535785
133989606914
134579589517
134244459410
134894295668
134173684513
145587181845
134725110635
134763881628
133996892021
144554566742
144639469128
134554800747
134284975781
145655433670
134746234422
134476727279
134861015978
145212738861
145021688663
145655433673
134807795831
144764263924
134086485413
134314365155
134861014635
144730401940
134169647944
134732033486
134652083327
134039110108
134055396448
134942402165
145081949805
144846613834
133950170937
134815310579
134301115415
133961660381
134166449710
145584022090
134135964134
144366049981
145282701039
145458361545
134022007188
134746234440
144999657296
144637211645
145486344938
133997018984
134242610508
145485109829
145543145294
145343107979
144735957006
143595958027
145469806384
134885074612
134548695328
144542225524
145072229387
134259182229
133990785696
145258250763
134254582302
134333354365
145017964933
144837237222
144848289834
144513670040
134114065404
133913009207
144438536362
134835854641
145227428606
144998468012
134531903559
134527801516
145187459292
144852887864
134135986388
134875507488
134655289467
134166441801
134831468140
145069955851
134506054256
144972538063
134471950516
134538212133
144554531212
134406301439
134395175347
134837124919
145041952299
134194255478
145525071661
134091405188
145046382338
134173648855
144937475702
133397727006
134301094868
144822070382
145186489235
134283412811
144772825188
145216043104
145214499192
133900212697
145110023525
134713643518
134154806353
134170440951
134882002658
144757447518
134063646649
134413780794
134468212054
134365052405
134659619403
145478145570
144943556947
145242489716
145144069589
145015154389
134200598787
134283415076
134266544413
144513130947
144529299331
144827554661
145139805495
134676882198
134321111628
144234251611
144569220511
145453920373
134307107648
134536846098
134010412276
145016238825
144646134931
134181228967
134526403732
134196110401
145148938201
144310411066
144642983547
134675388990
134257931669
134867909556
134128221040
134855990304
144656606260
133999824205
145000597391
145523396347
145081951270
134527791654
145116644486
144854414856
134175423127
144962032514
145174844989
134530089908
145249660687
133610500019
134934943656
133910820384
134422684085
144979312345
134820009144
145075756358
133987654518
134620018175
144641592127
134135985949
145228375460
144854421114
144846604970
145071602505
133705017628
134598043779
144639482968
144790522312
144827338539
133865453176
134154769681
133947538747
134433089328
134698778554
145016725498
144913913486
144413150808
145087894859
133918840254
145601897079
134013356865
134172781803
145623792672
145296923781
134607169118
134703108978
144730406752
134256959711
134329708127
145550795252
144366068233
134372944317
134806513285
134746234463
144880223535
145232725225
134949889571
134241190472
133899671205
144583014136
134573239976
144652049987
144966561554
144923361684
134322641648
145108332464
134154790306
144841880215
144529232268
144858999059
144755294609
135038800109
134566004046
144989576245
144529338582
134597382554
145082354811
134403747093
134458412250
145796665607
134820010136
134486441573
144554659488
134177183937
134177199486
134522447645
144883275110
134455928618
144480828004
134550390164
144704840551
145256100191
145628769889
134652700557
134440944850
133966213056
145186486159
134703108981
134013367545
134241169874
134703108988
134529361336
144990842925
134334148791
134169645397
134752522099
145429604641
144725346780
145536744633
145603189021
145526247818
144931723328
134703108990
134496674834
145084889919
134443607937
134832901128
144810867075
144964498182
145440455354
144652121807
144859355606
144617426576
134692525631
145021686907
134474946743
134448629612
134571576273
145159196390
144870707957
134781047943
144969945071
134703109336
134548676120
144582988537
134406296359
134244511772
144432985136
134491627538
134580536316
134696790097
144778763523
134537918854
144652047371
134119053086
144616959589
134594800296
134819541456
134279034965
134342414600
145495225689
145081058300
133597420452
145423564287
144836069896
145040372258
145188394527
134247028024
144486726215
144485563328
134527800292
134567378494
145587182235
134334134064
134552622472
133931653212
144973898600
145217351394
134105709710
134708822794
134422689823
145179202578
134880710644
134177018112
145010394461
145030938772
134862271909
134013369359
134330807579
144971013312
145034270612
144755328152
134839181229
134135983305
134859781029
144691117819
133929532012
134597383012
134331843006
145474088780
144682437145
134530539591
134836650406
144646098837
134378965917
134831438299
134350532905
134485557506
144434858233
134177192000
134429292198
144997692735
134493039480
134823603405
145625599741
144819274543
144573331962
134684925259
144822385235
145776192647
145049794408
134333020614
144503682534
145016728436
134598809276
144647400807
134172753826
144767184481
144827340747
134594326972
134883357958
143585297801
144838882308
134913474921
144993183719
134703109331
134781047967
145185691407
145592199027
145063948835
145144055880
134358077815
144617431647
145023650901
145034269662
144930604584
134013344050
144981890178
134910716026
145116641402
134867865409
144994585834
134493035010
134712540489
144942813811
144973899097
145451582306
135069645249
134829388756
133939656269
134861035505
134192488865
134051281000
134119088598
144513136141
134860926477
144527146030
144659400885
144259075333
145245889885
134332075535
144616973835
134717748445
134354345008
134197987855
135032532421
134289233439
133950188301
144782606252
144976796261
145081605895
134099762329
134512225403
134163935549
134105736489
144852826898
144529219215
134242564058
145180578124
144715484967
144764368931
134367563035
134449383116
144310444875
145160702404
134666998499
133996900148
134051300647
145074963225
134494242918
134154398564
134508746733
144374204577
134282267213
144404359563
134169664495
144183422962
145249657978
134556902427
134177731133
134309518179
145305301523
134384970103
134324117299
134315796257
134410640002
134540599531
144363185944
134820008632
134876031802
144676976109
145282701892
134810706143
134672815244
144672365605
144404348008
144395772974
145058779795
144859000987
134357816805
144439911057
144987737554
134177192080
145092704561
144990810579
144645167277
133901636611
134105718602
145189342245
133383358784
133380243986
134091623498
144229584972
134118980774
144727175209
133990774105
144507215977
144454128582
145129556877
145483839129
145280267785
134119050826
144584907303
135069760398
145209302053
134536332433
134225200475
145018765649
134311674943
145439791510
134717749741
144983285539
134245521361
144537182861
134374130063
134661956256
144886186355
134843253020
134816397120
144486667485
134194253666
133990763482
134203785357
134600053645
134528586499
145524283465
134177710250
145233952463
134140454613
145129566375
134100828708
134849941982
134048049709
134456876606
144985998105
134792098798
134578770815
134551234324
145490309219
134890229435
144786892369
134527602465
144513100331
134254569218
134036954387
134114066802
134512770930
134200587373
144791468864
144652968141
144651040517
134065710066
145240581214
134051277817
134823604020
145433687515
144933175199
144687038940
144964497531
134349146903
134172757465
134335513475
145081055953
145058779570
134646173788
145031880566
134677763399
134171991190
134430759416
144680530669
134198002776
134696790209
145587181959
145228376600
145477417647
144916272921
145517494366
144392275650
134574930413
134404854799
134142033215
144947961280
145618471211
145485108602
134363452112
134574355590
135069858936
135069858937
145443024065
145148937676
134947245132
145539349543
134515458282
134524798655
134501073036
134880713529
133399373892
134902251902
134317315935
134813863223
134743114172
144010494572
144848334207
144980265470
144513191193
144834702051
145233959912
144660249860
145402620743
134337765018
133991625279
133911067316
145023650247
134036957466
134244409211
145148030555
144969258949
144364635313
135052475871
134239232150
134197993561
134811919221
134359291832
145520027803
134168743462
133728461657
134333395884
144231635685
144991662832
144617204668
144180285603
143991624668
134911801656
145478993585
134301112474
134324709766
134464502238
144245704190
145265403665
134077003097
134660277266
134571574620
134035940153
134328211431
145046381100
144987737622
145259965578
134582716901
144831653948
134336590947
134836651096
134349143006
134656757321
134811950967
145290887613
134684924627
145109565329
134180426229
134196111862
145117134683
145485106857
134428173420
134489489967
145180585110
145074432325
145084198811
144656606148
144727294324
145456570597
144981501330
144812392090
144513112393
134481385456
134154736883
144790554012
144529336089
134367563820
134073563517
134829788647
134334147559
145755264507
134342114821
134154739909
145755264509
144891926064
144732265705
134871012236
134339253864
134033830669
145193439039
134277358536
134303244179
145147198727
145755264510
145224237653
133993953094
133988579075
134380909463
145051129829
144768824562
144653002113
145068454201
134732032885
134204829975
144433128549
145454042605
133996884350
134941319055
144617413198
134179574002
134657522640
145463582485
144730407311
144843625345
145075756217
134618221827
133912127753
145288804087
134618229714
145004413559
134242629070
144662796097
134468945258
134118964868
144529235400
144430149080
133948312254
134880932973
134540600972
134203783760
135038854090
134140613767
134283410928
145090922667
144841872711
134266684445
134838561147
134273698970
144793248020
144907099943
145263223905
145263223904
145237382250
145758962421
134200597510
134852309666
145451547065
145129503671
145142683178
134118984458
133831413815
144438421820
134360215318
134902075660
144617015067
144952564457
134280414198
145126995907
134000928158
134703108872
144846621398
145263223917
134703108876
134703108879
134703108878
145263223913
134687061647
134670849611
145263223911
134275851824
144649895542
134832904389
144641593381
134176238330
134524795522
144656608726
134025021909
144582990135
134703108864
134304938837
145471881052
144729324609
145263223926
144265487460
134199080571
145263223923
134538211538
134311675252
134051301140
134114115418
134385869337
134199078263
145537559922
144548629510
144657604000
145258252469
134036046239
144652106212
134215788889
144984920780
144667140868
144656607509
144650999150
145717496002
134307104778
144966762462
134433094853
145747549939
134634780790
145423568791
134423618038
133992868352
143914087922
134855990384
134173674286
145438111910
145079426041
134355685020
145153122253
134423607385
145142687607
144894480860
134448636050
144874497970
134335508109
144513132747
145580287011
134114111153
134065729589
134606065769
144477106611
145071608592
134601416114
134478997573
144848283880
133995183272
145458367522
134510086121
144660254413
145485109032
145040372137
144583029304
134721403378
144984265391
145514461151
145170255421
144108371344
134091392383
144937482814
144439920962
145460732183
145264634788
133990783827
134515464123
134582089606
134100826064
145453924014
144507215199
134275803229
144918098481
134014397763
134624313858
145147157476
144746684976
145587182366
134242535640
144993183851
134518770853
134583149367
133988564033
145046381939
134268079919
145119335494
144490445101
144452633156
134169419681
144989578715
134718980352
144646360630
145083171327
145245890952
134437122575
144991663228
144960884003
145320401975
134720866268
133973642927
134350540426
144513138089
134401731498
134579297607
145015153996
144485496892
134661425104
134197978834
144397118491
134696789199
144783974239
134686061126
133398279440
145305303406
145191949165
134086491213
135038854109
134678753401
144966670789
144769914015
145200619006
134301098434
134617069967
144181185189
134100891927
134279032223
133901613225
134461244170
145040373432
144834689482
134036044569
134845498135
145586221113
134811941905
134810725160
144727163183
134843631344
134561016591
144782834502
134297316422
145435278746
145207869174
134173682704
134850165526
134559180944
134393945729
134458416425
144363182967
144961003581
144972538852
145009795470
134582717312
134685428745
134840578230
134697624166
134268845208
134576071183
134203780627
144641586224
134299432637
134085531382
144849963144
145027754758
134220790153
134586143577
134571850221
134272688371
134786033046
134519289979
134167056045
145548405052
144822377549
144855277827
134289160778
134172138288
145592199126
144474761067
134578671217
144585030347
145793179768
144214865679
134176995168
134691827511
144746685400
134365040340
144856816535
145618463608
134735383576
145229244400
145011983289
134100867492
134359263885
134136985443
134700125732
145488348453
144954197682
145111987590
133997027031
134142031420
144962077325
145552999150
145651913231
134266703225
134598047224
145123348215
144617328862
134454568689
144639486658
134309522303
134816396595
134550132021
134119086074
144537229841
144967674762
145142688089
134776068217
145270956020
144617450075
145000600641
145463586050
144768822704
145793179788
145138009750
133992871922
144918103431
144813528161
145010393894
144657604808
144807645398
144960523462
144314614595
134487935121
134172947503
144759096783
145084889201
133610739250
134827557199
134713643383
134091393618
134136976539
144537191666
145036205771
133895915608
144657701093
145157185795
134105699163
144258993372
145190448371
145435701316
134826037232
134369380819
134568618782
134558313194
144641591661
144617001343
145238882637
134910450489
145475938409
144793247604
145573052136
134821841262
144458254214
134511461087
145526248119
134040327901
134682407450
134482208609
145491070674
134606062648
134648448420
134653979399
144548637931
145512279806
145099329505
145106778480
145499616331
134908320183
134182037985
134512769886
145126996327
145530668693
134568618762
145210951920
134154691445
134403747871
134975041442
145512762059
144634377197
134172943152
144963160226
144772824815
144639483585
145028888190
133827745853
134499095266
134468945179
134440941519
134600958315
134166450968
134242591929
134598481099
145512714629
134550143908
144652306429
145030716605
145263223662
145263223661
145069955654
145488547501
144674838643
144485560956
134065716965
134845497301
144593123351
144660249538
145097603676
134266672939
134468212292
134142032232
144452610997
145228375614
134333013321
144975325214
134018822300
144634552757
134169665158
134833873902
133988502254
134091399482
134533940847
145013502135
134926145614
134473521776
133990773498
134100852955
144378428054
134169641164
133596251855
145444238233
145103260434
145079426629
144814734201
133894319891
145234836916
145007318386
133916908943
144346120131
145142680637
144651050882
145532442593
134311676417
134586145145
134675389685
145596045746
145460815714
134928579634
143623780674
134049050476
133927941233
135042704960
134696789336
134553229391
145256526225
145440455916
134637168426
144782796679
145021688854
133973640057
134098913416
144725309591
134593150076
143615816960
133408621128
134100894778
145107741821
134169425434
145049280036
134565560483
134305856752
134169478802
144638169612
144640497931
144757449957
134906513581
145282134820
134841629518
134522960707
134858073459
134588373378
144793248301
134578674644
134225205875
134355682744
134259182407
145514461643
144434937838
144529332643
134242539305
134566004689
134630000953
144729305366
134154396557
144912097457
144257612407
134996556349
134544456541
144811884400
134493004603
145060746037
134303188703
134618267495
134570419874
134882216200
145263223642
144681348082
145263223641
145005895274
144973899352
134154692004
145317948206
144798867202
145188396470
134721402925
134142035302
134818634951
134172754000
134154673767
145092611283
134200597215
134598040478
144994584831
134510999406
134452239617
145263223652
145680903100
145160703949
134652082217
144529245750
135042704927
145016726939
145469808755
134420551016
134180426349
134167089777
134010411180
145018759588
145550313845
144529270720
145088718081
144660254037
134592654101
134578768219
145538870568
134505424459
144658546846
133911088563
134700136047
134055431921
134266681015
145254850120
144782800394
145469805675
134581716308
144748866548
134663795291
144486739832
144243570925
143773431288
133918799735
134039195791
145097084474
134329293909
134612959169
145259963614
134105734821
134154651523
134466375566
144655382513
144805201786
134678751549
134087548305
144844971326
134481385575
134531287033
145049797202
144513705447
134324116636
134491627399
145146014732
144962029582
145058551496
144748853218
134667694702
144972537322
144687034285
133985587720
134482208087
144398176494
134154768589
135007970647
144965214462
134604304975
134349140054
144965215794
144646412844
134840578417
134439587119
134803699593
134021948558
144617369776
144430187745
145560681752
134883368321
144843241632
134348009945
144915038651
134277355359
144529268433
144542227927
134328228115
134301111685
134422687788
144658604322
134649107865
144554778539
134490010155
134913745187
145008142240
145198777337
144658591434
144533455696
144934619989
144548637264
145582242250
145075757479
144972538685
134723848982
145121600102
144755216939
134365058346
145579977512
134257930170
134926081999
144438439476
144765872670
134553228028
145023070695
134816396836
134511460699
144825555257
134051297150
133839734737
144793249689
145030934166
144371739749
145482938832
144652105560
145240579807
134177640982
144743964225
145249659071
144743918320
134939798085
145339347365
134657522138
134580535238
144859351006
134128217196
134840577095
133606820143
134656035172
145682853752
134586963280
134418060180
144834699130
144725382279
145105630419
134571575184
144967676432
144680479641
145081950232
144930602179
145150638411
145071600997
144529259408
145040371160
134502831484
134609861953
134182017883
144378414244
144668224647
145081058508
145462210754
134254567864
145073104792
144255784639
144537108692
134177878357
145468521260
144730402254
134482210451
134435567283
134168072684
134006362491
144651029380
145087110637
144537221162
134311672977
144971014435
145094033479
134491582783
134100879993
133918838105
144652974278
134464332835
134841014613
134173678558
134512770586
134334148042
134084329278
134172748259
134170236174
144946807936
134596472555
144920252394
134119081356
143651181366
134936389667
134166445600
144733981796
134518106925
145015163446
144991661163
134679810161
134100898228
145081974222
134720866388
134826702064
145796604462
133985644032
145387155945
134087541678
134171997003
134592654135
144685979088
145049793793
144439927664
144763075041
135032513483
134010391974
145217344828
134442116022
144011357856
145114506508
134806508992
134598049718
134025020781
134467578044
134632692445
145049279946
144813529303
134656756006
145186038101
134504664298
134520681342
145119326450
135063733812
145424388101
144214859785
144652983183
145057590405
145231664225
134114108056
135055310928
144782809639
134881041753
144641568714
145056126799
144647413020
134169663367
134048062524
145056137449
134253014196
145317947812
134175417492
134336590147
145130607500
145110976380
134251882874
144361929398
134590683725
145481205322
145259964152
134438005983
134845581998
134812381628
145009788848
134619965599
144991294777
134467579341
144537212923
144439915601
134284977699
145090881964
144931726214
144946805309
134712012916
134119089211
134242625091
145213920499
134561564620
134197981092
133967431751
145227428788
134338010366
144404363817
134194254798
145442648040
145578433018
134469438243
144772825813
144639485432
134568234548
134658447771
145127753625
145134434142
133386406802
134886454300
145499271067
134700598311
134106945077
134648395386
145001117678
144554675354
134825108781
134660279368
134617071308
145013503523
144836096866
145456476500
145548651785
133989615522
144671092396
134598048448
134169633517
144848336474
144554561256
134469523525
145483842547
145079426531
134154812414
145488419114
145247903582
144837794850
144682432528
134588824725
144993481731
134098908908
134536844548
134351454995
144257405687
145387200967
144989575966
144825553545
134589794255
145124558402
134076983177
134154715123
133909851219
134099770115
144976795106
144617430137
144410651579
134084298325
135063987311
134177722448
144641429682
134617082861
144513632746
133999915402
134578762139
145188391612
145020503814
144755286762
134522961192
144741379042
144957395870
134268850063
134843251084
134365940791
144812390573
145186031534
134100844484
145236414280
134577721644
134114081365
134515423938
135050942168
145741040255
134619965573
145200599997
144727376821
134181998258
134707717018
145469806236
144849966019
134108132730
134666383385
134091342693
145057600174
144831661727
145444238368
145266535787
133806597754
145567824339
134846664847
134170413274
134526064945
144884889623
145051129658
134242482008
144984949758
134651172509
134573662585
144617375473
144903879900
134823572113
134612943746
144537261252
134942403133
134076978467
134493064199
134301093468
145544678492
133973640196
135011675505
134100883343
134086483366
134883776863
145072230489
144704837470
144366102143
134565560300
145068454047
134154403251
134566003403
145131686165
134100893596
145540696302
134528584380
144913915164
144794885825
144651047370
145128804747
134594845214
144729261309
134177185592
144975325353
144342400357
144960524663
144554761852
144774228070
144786891291
144926059312
134215790059
144954198264
134648447888
144616979992
134913474586
144786891237
134485561434
134589793679
134590952473
144924592600
134309521608
134333343107
134515207466
134502829871
144727500335
145142679728
144452621714
145306805299
134781104108
134154730905
144634368505
134187729090
134035976785
134166270806
134728213785
134154406336
134541453291
145265404729
145058779385
144486720217
134322644636
134469384993
145482943564
134850368323
145112069979
134365922752
134215793987
134808838170
144875940304
135016120223
145121599586
145120338249
134592647028
134614404967
144973899224
144727214465
144642917748
134588373486
134700128523
144761243434
145398758500
144392226479
144244637673
144647420170
145254848753
134073555313
145282132982
134013355608
144934621542
134989381235
145209294796
134492991771
145106780609
134354440503
144787695883
134713642319
134464058567
145170256024
134242643553
134535443963
134790234249
134308588711
144877618477
134659619998
134693538710
134207409942
144639483713
134669637661
134493066791
134542776496
134244498062
134529361049
134367641873
145453920281
134823572987
145546678142
134154683244
134452240515
133964672339
133909927609
134242485918
145168411211
144886186851
144966557393
144476047638
134361460702
134036048666
144811884594
134420553782
133937607223
145301227509
134328219100
144660254176
145002322574
144503684232
144368806866
144782812480
144617365248
134154394610
135036645498
144890945735
133987649295
145008141074
144855252859
145680912126
134109496731
134647138397
144655759522
144300392878
134470205550
145548404738
144527136800
144255775090
144983280721
143674140756
134520680970
134515202593
145139834018
134655289569
144268417467
144849957171
144729308325
144656606348
134271137161
144727221620
134422690419
144771244699
134677764870
134299372217
145797988748
134823571641
134876029262
144969641565
134385872778
144976794518
145797988751
145514224008
134208371241
134073517047
144907048578
134055378297
145065547020
145254846192
133913002091
134065683620
144765988541
134172949005
134533939096
134558314608
134512226286
134303247495
145682853779
144395763214
144886186803
145109567713
145041244985
134085518996
145094031597
145267678182
134738316139
134521517245
134720862970
145183527415
134423682091
145625600830
134652080531
134468212364
144956253918
134918081686
145578430677
134254581156
144827340938
145719877676
134006358513
134913476389
144913912003
134109495442
134354216511
145098555431
144973898777
134844050598
145190446843
144652122916
145229912338
134834321494
134850877574
145442647552
134513600258
134717754771
144979912608
134910716414
134656033314
143914958070
134154713527
134025835926
134573238780
134532597949
134577740940
144537247853
134119030687
133927965189
134847746287
134596473013
145001115969
134166442605
134496674713
144838879235
134468945851
134590681016
144655386854
144108475770
133864848102
134967662707
145263224199
144513715640
134841014520
145217561756
134938088789
144993476457
144617201822
134340165848
134413782293
134309522160
134065705398
144434905509
144286789699
144679297960
144360221543
134154723729
134013356126
134177180792
134664654148
144472973162
134556177913
134691322117
144871927311
145389903050
145432780734
134885074063
134439589596
145306804815
144477119722
134177190113
144654577807
145623793104
134241166821
144474833377
134861010746
134429292069
144658578254
144583017563
144838882870
134652081846
144854422852
134172944282
134522962349
144916273214
134526065361
144583008610
144281386481
134909550986
134538991513
144657573023
145085892623
144774320320
134244475343
145528134034
134650077376
144755223090
145481205491
144646112024
144299360905
145528132283
134036054593
134526405036
145185693910
134826039241
143973384705
144653151081
134580893848
144976795861
144646160591
134076997638
145444239709
145187459720
134563558413
133687873024
144999657611
134521027095
134707208770
144679299700
145115328112
145210067166
144884887933
134474945742
134878829965
135032576923
144548614647
144617200527
134271204710
144982783780
134584547521
134468067918
145517492411
133866744016
145120332022
144709277941
134483983843
145012937151
144782807152
144617584240
145467729939
144658610074
144646422269
134651177401
134859771568
134409457381
144573360155
134648448263
144642979979
145198202078
134685428978
134647095630
145187454051
134839181573
145263224187
145040373682
145742821775
144991663013
144657606389
145263224184
145263224183
144873467463
144364662234
134387806743
144674853232
145533338105
144452603932
134345558043
134630524510
133408595988
134848865177
144258932628
133814043196
145316293664
145026170552
134500576606
144317378346
134377051116
134166443103
134487938831
145106778260
134449381274
134073492911
134177197610
134099750453
134337900534
134337920176
144946806512
144768823817
134610719739
134199110240
134499096509
144640504613
134647132297
144501794131
135069858324
133986351062
145477414786
134266690993
134586964623
134519971398
134407623051
134260843233
145017971004
133995180841
134828506671
134277354763
144842058385
144782801804
133988574052
133899676359
144100635185
134105739862
134669638086
144774307379
145247902348
144755207855
145028448699
144732262098
134176934448
144764425487
144486668896
134874956083
145789511813
144397120942
134485124300
134907919854
144642965308
145170258766
144654695846
133391230872
134039180522
134836651698
134573240154
145166901733
144984261642
134602581084
144981889222
134583146005
144927692449
134103590822
134168722262
134783465422
144639468196
134653273652
133993936268
134177196324
145016240135
134657522904
134065704940
145440452153
145010392337
134515438035
145789511837
144638106718
143984024957
134874957392
134284979551
144979273788
145000596719
144655785773
134308557606
134338010289
144652037096
144617373669
144638168146
145164373782
144642975550
134401733031
134454570794
134065725898
145389857159
143923769985
145571415592
134197775680
144894455201
134177035681
134175395785
144999655858
145116642840
134266691415
134879448933
134826037457
144988203798
134842452131
145485110610
144617411534
134355524518
134862067608
134180428193
134700707349
134277235442
144727489540
134521023542
134676883682
134663794778
144397152550
144647406613
144767188579
143585299495
144501690432
134836650043
134716452707
134865352112
144838883179
134512766329
144617491677
144416160979
145090901485
134867911470
134048081559
145247054513
134836651377
134177024454
134154557616
144843484611
134034922369
134434491589
134345567288
134166262262
144646422841
134389669305
144430173706
134650873278
144746683199
145081053868
134588030557
144966561115
134015269563
145267679746
134820009539
144583009169
144843625097
134334142144
134167094030
134468946251
144617195723
144934620742
144360236460
134660702978
134691827916
134404856879
145212313882
134826732168
134336590412
145066850877
134693530099
144957395284
144640503264
145056125189
134178963914
134112755964
144819289226
133952211677
144583003823
133367827234
134890227358
144894469068
134706415457
144513123319
144979275242
144260471173
133989621268
144652052246
145037091395
134055365719
134103609353
134566874534
144314624582
145009800872
134825109360
134199637309
134997846066
134647133897
144434879606
134441426492
144817702317
134648447761
145135523229
134806054212
134504149419
144529301747
133902273766
144816627196
134335513114
145047491324
144529215230
133737339845
134136995985
144998413300
134823573519
134551234887
144529217898
134118977652
144458239728
144727318362
134719677133
134048033038
145192612094
144554618008
134362079563
134698778998
144982790528
134716059647
144729318428
144952564182
145037103036
134786118005
144430237428
134538211278
144505713963
144554757462
144973898232
144483994530
134215791206
144644950736
134565559275
134248726593
134509633415
145112007187
134324115976
145256526408
134014366038
145558177137
145000596435
134305855203
145274901359
144480793262
145601636876
134439585589
134154724378
134091406020
134550134368
134544166286
144395776004
134589443366
145298349025
133902221244
134914985395
145192628419
134829393796
144729235597
144501810933
134177724493
134367642497
134036941593
134874262587
145217345004
144964496743
145445197695
144920252624
134594835338
144812391269
144916911637
134522960929
134271195736
134700131836
134703108536
145460901527
144852806029
144746678682
134869126373
134593151526
144655774376
134154556374
134936391672
144787876248
145180576766
144379724810
144887694526
145217561593
134185315180
145240594010
134308585946
144583014592
145781783354
134927572961
134036050863
144533412237
134564969370
134883368110
134084359286
134260839058
134455928216
144413124991
145456475076
134398459527
133918853101
145577059874
145026743194
144434881089
134566876325
134703108557
145239477501
145098554664
144374036480
144819274137
134036024557
144741345898
134197983827
134175412029
134073553852
134703108560
144655384937
145526248700
144529243378
134781104665
144812393086
134663795032
134703108544
134396904259
144793248562
134691321891
144772826003
134687071361
134220775085
145160705007
134563551236
145094018491
145073820960
144772836274
144234214269
145532438251
144486625175
144725311673
134317316973
144816269764
134942404388
144748860199
144234240550
134154682069
134114105506
144593118598
133999755540
134469386400
145497414648
144741407809
145577078100
134812383577
134385871995
134825107606
134361424304
145023651069
144725323650
145486344598
133909925354
145057743812
144737787723
144727185921
144661395713
134564190596
134482210583
144641594379
144486688734
145024666769
134254571241
144936009455
145521888936
145044249077
144963164156
134173649777
144529305210
134523655575
145107743827
134455926443
134414446310
134266604125
134497470140
134503232505
134305854758
144931722486
145290888653
144772825593
134172951211
134304936535
134360489377
134242492327
134618281164
134604858479
144756778379
134324709480
144617532676
133968856892
144915037579
144960860346
133993931323
134515208087
145030716041
134490025451
133737240989
144976795316
134827555934
134515205808
134726130579
134535438986
145305301155
134890685837
145056118090
145514221382
134483572629
144834711468
134453250813
134809213625
134465193273
133865420740
144725337459
144960860335
144729366141
134199079004
134244375742
134000932761
134721402382
134335506057
134486435323
134277365379
134168047041
145118388680
134100888683
145585752908
134433095605
145037099200
145068454719
134732030773
134242488338
144859033406
134119055260
134487931011
134168718931
144783976356
145109568653
144513137087
145254845715
144827560847
134540594219
144843623217
134340164896
143656475943
134085529369
144231577713
144880222737
145435701899
144617454718
144375526333
144593119971
143585302365
134171988764
134466373563
145217561666
134055427600
144371700073
134691828343
144918100851
144729301665
144291925525
134590948741
144656606735
134333397131
145427456049
144976796603
133866683396
144963162355
144862625768
134337763503
134065723971
134136995192
145445195961
144911225786
134362692329
134337926180
144416992747
144652127564
134063608831
145750514829
134100822893
144848281549
134013335574
144465414045
145041951405
135062379079
144617002156
144505713047
134076982479
145232725635
134720174774
134369085503
143584427606
144433088550
144653012088
144529217074
145027754416
144849655600
144729358548
134423608161
134568237857
134307098188
134496674426
144913732953
144501699778
144680481766
134614412910
134183326165
134424845844
144842210539
134649108099
144465416688
145025296392
134594842424
134172919118
145007324068
144730403304
144812390739
134859781494
144433120212
134656758897
144971032059
144822375414
134655286885
134487935439
134337765292
134283410692
144317343360
144739336626
145163340935
134582088028
145023073139
133715600061
134520682459
145460766832
144364663835
134650076551
134580895327
133997019771
134172776919
145471879310
144940479447
134167092253
134435523074
134509640633
134172780184
134573240465
145282129774
134825106384
134801666831
145083167567
145306806295
145119887935
134401732272
143578491684
134515209313
134033850858
134431811580
134101807014
144529300364
134808842078
145097603945
134349182033
134530089559
134100832228
145048013632
134556900241
144363222999
145076417203
134331842138
145666143715
145115326881
145414509317
144842034052
144901598818
145490130643
134646166167
134707717446
134653976806
144366066849
144646418758
144527136252
134417498745
134034601199
144923359743
145066849954
145477417922
145536744276
134664242059
134332075999
145118389113
145301220303
144813600245
134540599978
134056066188
145193433159
134880934222
134730992657
144529303408
134390736420
144525714959
144900069141
134242558622
144640500132
144433133563
145141577978
145115330959
134035948483
144820972477
134572397926
134944254250
145567824663
145198203698
144372641944
134169644402
144811883725
134919573135
145192613459
145263224670
134828503260
134829788050
134055420160
144638172516
145105629235
144364636270
144960860377
134551236680
134610718733
144834701236
145139823638
134135985579
134091624346
144785661024
134826691991
134287372762
145263224684
134091378326
134806508372
134876030942
134838560974
145596047217
134575527920
134179839892
145275847031
144963163624
134098902106
144501834950
144653154042
144646359942
134087546714
145041950955
145477414871
134618274060
144617456522
134448640472
134511456866
134100857530
144486656345
134588031987
145785719336
144679297026
134359288832
145483843646
144337469857
134355686847
134244372627
145080341072
144930603650
144727496192
133614831149
144649853270
145494949631
134592641545
144505701811
135031240278
144333737061
145020501975
134091387363
134175372418
144755211744
145107737874
134847748619
134130470177
144991664199
134319919995
145482941576
144979275345
145712638587
144655379410
134450616424
144617436953
144973899479
144755297192
145164373541
134275841160
144730402912
134247005941
144570263234
144537160104
134693529190
145471880176
134340182603
133903000212
134128215587
144178221847
134022856289
134615775630
134410637015
134431811770
134501081966
133989600200
145002905522
145612519237
144952561852
144640496306
144593602264
134845496799
144940482316
145144025643
145141561781
144507216840
134091345522
134598480916
144764394198
134334134674
145600379953
144996040435
134512227763
134967277773
144739335177
134130466956
145485107752
144228683154
134498308551
144529228663
134154386891
144368669946
144642958031
134241237783
134277250870
134169549128
133996893669
134304937926
145032758697
134324709307
144430193469
134647130688
134926329515
134693285874
144681347082
133947533302
145546648903
145536743802
144982789662
144931721882
145608323666
144965214962
145485623576
144735956249
145427488651
134497511386
134611385167
144984265866
134716452808
144945021242
144641593774
134455927811
145254846334
144617455273
145001120249
133992830945
144807043957
145793150550
144730405172
144812392475
144755299799
145193441773
134135966221
134403746017
144643699399
145518626589
144938950309
134808558748
134805220114
145259328186
145574807127
144783975902
145458528699
134510995176
144785680068
134517594418
145805413849
134456873139
134168720372
134942403790
134565560117
134615784533
134629090486
144257582857
144656607005
144529287044
144727525837
144680482885
145238327524
145179199712
145121600239
145512737474
134667212826
144507220962
134497510864
134672803740
134417378195
144782798780
134275835334
144966671725
134378978923
144745184171
145708047946
144741404631
134598811164
144767187988
134278813483
134244463188
134742397513
145133833754
144971031504
145037110048
144397169520
134883777551
144755283401
145768161600
144637158607
144372654201
134266683546
134183330158
145186488468
144318340844
134808841544
144901587352
144652104098
134365044264
144570272146
144937473498
134660705070
144458218933
133951281848
144361928529
145132573727
144617589703
134424856705
144803338244
134801673291
145106078743
134585633301
144741343130
144789038559
134241253870
144363276909
134114067717
134245516430
134495359832
145187453443
134154408774
144255912775
134487936088
144639465299
134172753481
144763055233
134018799713
145011328085
134100826588
144637212441
134650874438
134168741210
145252223649
145097604215
144725314820
134179570099
144537232109
134068496805
134259182599
134073471329
134334148435
134468212595
134700137298
145254851775
134496672785
134308525380
134646172029
134450617713
145133830681
145094030025
144771245763
145141581300
134103581202
134333020333
135043038063
134182777713
144730404699
145298790557
134253015651
134142352458
134698778003
134582717817
145119888304
134684924200
145449541889
144359147924
134664651756
134181207647
144637207909
134128647728
145007319548
144903876260
144790551391
134470205753
134850141166
134592648197
134242603739
143921448442
135040138646
144898494989
145596046910
134839181737
145036229386
144518624991
145245887719
134928980806
144946813530
134199081420
134900898277
145138010255
134253013007
134614413285
134073544841
145183542809
144364631359
144702199400
133902985231
144537271702
134835853913
145282700882
134105716578
145115326138
134697905828
134073502990
145462211708
144973898952
144988205301
134319920180
144755242810
145188392449
144311757852
144628523720
145532441703
134567380228
145041244809
134462694163
134714832153
144486704310
134829387135
134180428379
134886438897
133946458949
134099751138
134879435813
145043397476
134317316037
144764393659
134335509895
145018764638
145488531506
144927610802
134680808911
134841013894
134651496463
134553228971
134573661819
145692812149
145511073329
145692812145
134670850178
145296932201
134888826505
145029844211
144962030271
144642919296
144746591561
134169654729
144533494728
144537225883
144654699128
145088717025
134694030798
144537322198
134669282617
144463925437
134600955629
134732031935
133851870356
145259558212
134703108337
144822386863
134887739308
134803666955
134631550654
145302229010
144529262506
134696792369
134833874866
143611540565
144513141248
134703108341
144957394833
134517596292
134033835948
144748862668
134174704597
134283411054
134465475948
144878981018
134867864643
145543145519
134483575822
145789475996
144889179047
144979317553
145246171650
134319919162
144540928276
135069780285
134119044665
133398283908
145389901075
134468945631
134048095145
134194258154
134177009566
134306021950
134699271973
134617075374
145427468125
133953618219
134703108343
144819285577
144916545489
134703108344
134647824206
134437122118
145092517851
134544457069
134363335811
145512754838
134686612699
134474209215
134055390642
145142674725
134304938445
144291876218
135069780283
145044830609
144984964766
134358115241
134062612631
145431736424
134395174346
144192931120
134328212250
134841014364
134538990033
144641596075
145030931852
145182525915
133988520898
145746127085
134584092835
134466377193
144765869405
134283410562
134225210192
134465716397
134648447592
144899977947
145104384160
134048040863
144975323435
145104388510
145254847636
134244494266
134087542452
134091400809
144617350318
144962032063
134668531082
134177882579
134938268407
134435526252
144989541896
144652116952
144434676036
144824072673
134697903275
134894419150
144755219607
145249657626
145220828493
134280414521
145090880765
145016238495
134178959942
145478994516
134693538191
144963161113
145298354386
144617351629
134040321328
134994081270
144486632242
134569766515
134349141638
135041504564
145058550955
134588031848
134257064573
134938089032
134154804905
134177745441
144757447140
145560472077
145265401504
145069954913
144793254379
144529250599
134841630461
144746676908
134902077050
134091403050
145147198356
134513600832
144852889094
145023073296
145514220770
133999904409
145083171723
144616989005
144639484456
134570419684
144819286801
145531575691
144849955959
134509641882
144653006124
145694470206
134875506665
133729910031
133907024252
134176242060
133991632088
145550792644
134574933869
134467579661
145150641292
144764415439
134593403429
145099326025
134072441121
145264633887
145079426433
134177198718
134558314031
145118390274
145025298854
134500516335
145571414020
134516233519
134328221186
134100848725
134650072291
144542214294
134033848401
144652097321
145471355305
135069794042
134821821208
145442648193
145284836105
134685428343
145619848635
134339255222
144317397293
144810724929
144966560801
134372969167
